# Comments are prefixed by character '#'

41
# This profile passes through the octahedron
1              -2             0.2            0.65           
2              -1.9           0.2            0.65           
3              -1.8           0.2            0.65           
4              -1.7           0.2            0.65           
5              -1.6           0.2            0.65           
6              -1.5           0.2            0.65           
7              -1.4           0.2            0.65           
8              -1.3           0.2            0.65           
9              -1.2           0.2            0.65           
10             -1.1           0.2            0.65           
11             -1             0.2            0.65           
12             -0.9           0.2            0.65           
13             -0.8           0.2            0.65           
14             -0.7           0.2            0.65           
15             -0.6           0.2            0.65           
16             -0.5           0.2            0.65           
17             -0.4           0.2            0.65           
18             -0.3           0.2            0.65           
19             -0.2           0.2            0.65           
20             -0.1           0.2            0.65           
21             0              0.2            0.65           
22             0.1            0.2            0.65           
23             0.2            0.2            0.65           
24             0.3            0.2            0.65           
25             0.4            0.2            0.65           
26             0.5            0.2            0.65           
27             0.6            0.2            0.65           
28             0.7            0.2            0.65           
29             0.8            0.2            0.65           
30             0.9            0.2            0.65           
31             1              0.2            0.65           
32             1.1            0.2            0.65           
33             1.2            0.2            0.65           
34             1.3            0.2            0.65           
35             1.4            0.2            0.65           
36             1.5            0.2            0.65           
37             1.6            0.2            0.65           
38             1.7            0.2            0.65           
39             1.8            0.2            0.65           
40             1.9            0.2            0.65           
41             2              0.2            0.65           
