# Comments are prefixed by character #

41  # profile 1
# x=[-2, 2] km, y=0.5 km, z= -0.001 km, point inteval: 0.1 km
1              -2             0.5            -0.001         
2              -1.9           0.5            -0.001         
3              -1.8           0.5            -0.001         
4              -1.7           0.5            -0.001         
5              -1.6           0.5            -0.001         
6              -1.5           0.5            -0.001         
7              -1.4           0.5            -0.001         
8              -1.3           0.5            -0.001         
9              -1.2           0.5            -0.001         
10             -1.1           0.5            -0.001         
11             -1             0.5            -0.001         
12             -0.9           0.5            -0.001         
13             -0.8           0.5            -0.001         
14             -0.7           0.5            -0.001         
15             -0.6           0.5            -0.001         
16             -0.5           0.5            -0.001         
17             -0.4           0.5            -0.001         
18             -0.3           0.5            -0.001         
19             -0.2           0.5            -0.001         
20             -0.1           0.5            -0.001         
21             0              0.5            -0.001         
22             0.1            0.5            -0.001         
23             0.2            0.5            -0.001         
24             0.3            0.5            -0.001         
25             0.4            0.5            -0.001         
26             0.5            0.5            -0.001         
27             0.6            0.5            -0.001         
28             0.7            0.5            -0.001         
29             0.8            0.5            -0.001         
30             0.9            0.5            -0.001         
31             1              0.5            -0.001         
32             1.1            0.5            -0.001         
33             1.2            0.5            -0.001         
34             1.3            0.5            -0.001         
35             1.4            0.5            -0.001         
36             1.5            0.5            -0.001         
37             1.6            0.5            -0.001         
38             1.7            0.5            -0.001         
39             1.8            0.5            -0.001         
40             1.9            0.5            -0.001         
41             2              0.5            -0.001         
